0.03051030614
0.025617273
0.01402951058
0.02437906576
0.01632636547
0.05013178476
0.0343276298
0.01268986371
0.03573540694
0.03583755621
0.03274205785
0.0270787326
0.01343043878
0.04714638806
0.03557345496
0.01077687886
0.03741743337
0.03023956286
0.01933446593
0.03677263871
0.05448935057
0.04428803435
0.06176847541
0.003263667735
0.01201883215
0.05697082089
0.03510475136
0.01408242439
0.01609408367
0.04455842402
0.02757177949
0.5047047686
1.031161579
0.5201898675
0.213431319
0.1759773815
0.08780652979
0.09303692594
0.02173955819
0.02774119238
0.01809745215
0.04831716093
0.02343869929
0.03996014978
0.02704474259
0.01483859118
0.04335745087
0.05634992139
0.05917476907
0.05293310781
0.04575206037
0.05983948022
0.05600082045
0.01376323588
0.05790092217
0.05611504203
0.01078015958
0.04106736045
0.03597525654
0.04474045928
0.0238824242
0.04594224682
0.04719592402
0.01004590252
